# YOLOv5 Hyperparameter Evolution Results
# Best generation: 252
# Last generation: 299
#    metrics/precision,       metrics/recall,      metrics/mAP_0.5, metrics/mAP_0.5:0.95,         val/box_loss,         val/obj_loss,         val/cls_loss
#              0.48288,              0.36582,              0.36511,              0.21071,             0.084189,             0.065669,             0.028685

lr0: 0.0117
lrf: 0.01411
momentum: 0.98
weight_decay: 0.00072
warmup_epochs: 2.1305
warmup_momentum: 0.95
warmup_bias_lr: 0.08189
box: 0.06419
cls: 0.40899
cls_pw: 1.961
obj: 0.89282
obj_pw: 0.5
iou_t: 0.2
anchor_t: 2.0
fl_gamma: 0.0
hsv_h: 0.01548
hsv_s: 0.81256
hsv_v: 0.2296
degrees: 0.0
translate: 0.1474
scale: 0.76375
shear: 0.0
perspective: 0.0
flipud: 0.0
fliplr: 0.5
mosaic: 0.84911
mixup: 0.0
copy_paste: 0.0
anchors: 9.4892
